'1fps_image_0001.jpg' , [-92.215197, 37.648858, 300.0] , [[-0.164039, -0.986149, 0.0245044, -64.5619], [-0.797607, 0.117978, -0.591527, -27.4551], [0.580443, -0.116578, -0.805913, 30.4671], [0.0, 0.0, 0.0, 1.0]] , [2505.6799999999998, 2505.6799999999998, 2048.0, 1080.0]
'1fps_image_0002.jpg' , [-92.215197, 37.648858, 300.0] , [[-0.177977, -0.983721, 0.0248403, -65.2105], [-0.791753, 0.128165, -0.597244, -26.1228], [0.584338, -0.125963, -0.801675, 30.5885], [0.0, 0.0, 0.0, 1.0]] , [2505.6100000000001, 2505.6100000000001, 2048.0, 1080.0]
'1fps_image_0003.jpg' , [-92.215197, 37.648858, 300.0] , [[-0.159328, -0.986916, 0.0247191, -64.8038], [-0.788431, 0.112135, -0.604816, -26.0263], [0.594131, -0.115853, -0.795981, 32.6419], [0.0, 0.0, 0.0, 1.0]] , [2505.5500000000002, 2505.5500000000002, 2048.0, 1080.0]
'1fps_image_0004.jpg' , [-92.215197, 37.648858, 300.0] , [[-0.133629, -0.990815, 0.0207323, -64.2512], [-0.778276, 0.0919669, -0.621151, -26.2735], [0.613538, -0.099139, -0.783417, 34.8469], [0.0, 0.0, 0.0, 1.0]] , [2505.48, 2505.48, 2048.0, 1080.0]
'1fps_image_0005.jpg' , [-92.215197, 37.648858, 300.0] , [[-0.0809195, -0.996223, 0.031478, -62.1212], [-0.798291, 0.0458672, -0.600523, -29.7988], [0.596812, -0.0737226, -0.798987, 35.6917], [0.0, 0.0, 0.0, 1.0]] , [2505.4200000000001, 2505.4200000000001, 2048.0, 1080.0]
'1fps_image_0006.jpg' , [-92.215197, 37.648858, 300.0] , [[-0.106449, -0.993725, 0.0343447, -62.9728], [-0.79802, 0.0647773, -0.599139, -28.0269], [0.593155, -0.0911852, -0.799908, 34.4074], [0.0, 0.0, 0.0, 1.0]] , [2505.3499999999999, 2505.3499999999999, 2048.0, 1080.0]
'1fps_image_0007.jpg' , [-92.215197, 37.648858, 300.0] , [[-0.11209, -0.993196, 0.0315809, -62.9689], [-0.797092, 0.0708897, -0.599682, -27.13], [0.593363, -0.0923911, -0.799615, 34.1822], [0.0, 0.0, 0.0, 1.0]] , [2505.2800000000002, 2505.2800000000002, 2048.0, 1080.0]
'1fps_image_0008.jpg' , [-92.215197, 37.648858, 300.0] , [[-0.0936742, -0.995326, 0.0234961, -62.0888], [-0.792655, 0.0602784, -0.606683, -27.0546], [0.602431, -0.0754548, -0.794596, 35.7823], [0.0, 0.0, 0.0, 1.0]] , [2505.2199999999998, 2505.2199999999998, 2048.0, 1080.0]
'1fps_image_0009.jpg' , [-92.215197, 37.648858, 300.0] , [[-0.12948, -0.991241, 0.0259824, -63.7177], [-0.789448, 0.087195, -0.607592, -25.0484], [0.600005, -0.099183, -0.793824, 34.5641], [0.0, 0.0, 0.0, 1.0]] , [2505.1599999999999, 2505.1599999999999, 2048.0, 1080.0]
'1fps_image_0010.jpg' , [-92.215197, 37.648858, 300.0] , [[-0.124515, -0.991785, 0.0293177, -63.4008], [-0.792533, 0.0816354, -0.60434, -25.5633], [0.596982, -0.0984849, -0.796187, 34.6318], [0.0, 0.0, 0.0, 1.0]] , [2505.0999999999999, 2505.0999999999999, 2048.0, 1080.0]
'1fps_image_0011.jpg' , [-92.215197, 37.648858, 300.0] , [[-0.132867, -0.990903, 0.0213721, -63.4843], [-0.790384, 0.0929202, -0.605523, -24.6579], [0.598029, -0.0973464, -0.795541, 35.3077], [0.0, 0.0, 0.0, 1.0]] , [2505.02, 2505.02, 2048.0, 1080.0]
'1fps_image_0012.jpg' , [-92.215197, 37.648858, 300.0] , [[-0.0912328, -0.995735, 0.0137051, -61.6965], [-0.796967, 0.0647553, -0.600541, -26.3423], [0.597092, -0.0657115, -0.799476, 37.9125], [0.0, 0.0, 0.0, 1.0]] , [2504.9200000000001, 2504.9200000000001, 2048.0, 1080.0]
'1fps_image_0013.jpg' , [-92.215197, 37.648858, 300.0] , [[-0.0983875, -0.995033, 0.0151312, -62.4238], [-0.798394, 0.0698494, -0.59807, -25.5108], [0.594043, -0.0709233, -0.801301, 38.2355], [0.0, 0.0, 0.0, 1.0]] , [2505.0, 2505.0, 2048.0, 1080.0]
'1fps_image_0014.jpg' , [-92.215197, 37.648858, 300.0] , [[-0.102879, -0.994598, 0.0138077, -62.8673], [-0.792349, 0.0735513, -0.605618, -24.0467], [0.601331, -0.073246, -0.795635, 39.169], [0.0, 0.0, 0.0, 1.0]] , [2504.9899999999998, 2504.9899999999998, 2048.0, 1080.0]
'1fps_image_0015.jpg' , [-92.215197, 37.648858, 300.0] , [[-0.0741811, -0.99714, 0.014461, -61.7461], [-0.793314, 0.0502185, -0.606738, -24.5405], [0.604276, -0.0564806, -0.794771, 41.0754], [0.0, 0.0, 0.0, 1.0]] , [2505.0, 2505.0, 2048.0, 1080.0]
'1fps_image_0016.jpg' , [-92.215197, 37.648858, 300.0] , [[-0.0781925, -0.99684, 0.0140041, -62.0356], [-0.79043, 0.053429, -0.610217, -23.2345], [0.607541, -0.0587837, -0.79211, 41.9461], [0.0, 0.0, 0.0, 1.0]] , [2505.0500000000002, 2505.0500000000002, 2048.0, 1080.0]
'1fps_image_0017.jpg' , [-92.215197, 37.648858, 300.0] , [[-0.0412245, -0.999031, 0.0154296, -60.4884], [-0.790437, 0.0231633, -0.612106, -24.083], [0.611155, -0.0374299, -0.790625, 44.1371], [0.0, 0.0, 0.0, 1.0]] , [2505.1100000000001, 2505.1100000000001, 2048.0, 1080.0]
'1fps_image_0018.jpg' , [-92.215197, 37.648858, 300.0] , [[-0.0441261, -0.998721, 0.024697, -60.8585], [-0.794331, 0.0200816, -0.607153, -23.4893], [0.60588, -0.0464089, -0.794201, 44.2463], [0.0, 0.0, 0.0, 1.0]] , [2505.1900000000001, 2505.1900000000001, 2048.0, 1080.0]
'1fps_image_0019.jpg' , [-92.215197, 37.648858, 300.0] , [[-0.0288054, -0.999172, 0.0287329, -59.9646], [-0.795489, 0.00550843, -0.605943, -23.2094], [0.605283, -0.0403111, -0.794989, 45.1761], [0.0, 0.0, 0.0, 1.0]] , [2505.2800000000002, 2505.2800000000002, 2048.0, 1080.0]
'1fps_image_0020.jpg' , [-92.215197, 37.648858, 300.0] , [[-0.034658, -0.999042, 0.0267403, -60.1008], [-0.794719, 0.0113263, -0.606872, -21.5159], [0.605987, -0.042284, -0.79435, 45.5931], [0.0, 0.0, 0.0, 1.0]] , [2505.4000000000001, 2505.4000000000001, 2048.0, 1080.0]
'1fps_image_0021.jpg' , [-92.215197, 37.648858, 300.0] , [[-0.0330307, -0.999171, 0.0238016, -59.8801], [-0.790329, 0.0115345, -0.612573, -19.8849], [0.611791, -0.0390448, -0.790055, 46.3821], [0.0, 0.0, 0.0, 1.0]] , [2505.4899999999998, 2505.4899999999998, 2048.0, 1080.0]
'1fps_image_0022.jpg' , [-92.215197, 37.648858, 300.0] , [[-0.0602299, -0.997965, 0.0209466, -61.1662], [-0.785647, 0.0344505, -0.617715, -17.3595], [0.615736, -0.0536615, -0.786123, 46.2639], [0.0, 0.0, 0.0, 1.0]] , [2505.5700000000002, 2505.5700000000002, 2048.0, 1080.0]
'1fps_image_0023.jpg' , [-92.215197, 37.648858, 300.0] , [[-0.0413557, -0.998932, 0.0206082, -60.2358], [-0.781947, 0.0195191, -0.623039, -17.3681], [0.621971, -0.0418807, -0.781919, 47.9196], [0.0, 0.0, 0.0, 1.0]] , [2505.6399999999999, 2505.6399999999999, 2048.0, 1080.0]
'1fps_image_0024.jpg' , [-92.215197, 37.648858, 300.0] , [[-0.0578954, -0.998113, 0.0204646, -60.9081], [-0.781621, 0.0325663, -0.622903, -16.284], [0.621061, -0.0520587, -0.782032, 48.3299], [0.0, 0.0, 0.0, 1.0]] , [2505.7199999999998, 2505.7199999999998, 2048.0, 1080.0]
'1fps_image_0025.jpg' , [-92.215197, 37.648858, 300.0] , [[-0.0444403, -0.998754, 0.0227049, -60.3608], [-0.780114, 0.0204966, -0.625302, -16.6879], [0.624058, -0.045501, -0.780052, 49.9802], [0.0, 0.0, 0.0, 1.0]] , [2505.7600000000002, 2505.7600000000002, 2048.0, 1080.0]
'1fps_image_0026.jpg' , [-92.215197, 37.648858, 300.0] , [[-0.00861867, -0.999735, 0.0213479, -58.593], [-0.775234, -0.00680446, -0.631637, -17.7415], [0.631615, -0.0219935, -0.77497, 52.8122], [0.0, 0.0, 0.0, 1.0]] , [2505.7600000000002, 2505.7600000000002, 2048.0, 1080.0]
'1fps_image_0027.jpg' , [-92.215197, 37.648858, 300.0] , [[0.0352765, -0.999259, 0.0153997, -56.3881], [-0.771676, -0.0370273, -0.634937, -19.0048], [0.635037, 0.0105148, -0.772411, 55.8459], [0.0, 0.0, 0.0, 1.0]] , [2505.75, 2505.75, 2048.0, 1080.0]
'1fps_image_0028.jpg' , [-92.215197, 37.648858, 300.0] , [[0.0913667, -0.995672, 0.0169895, -53.9657], [-0.783372, -0.0823973, -0.616067, -21.9162], [0.614801, 0.0429789, -0.78751, 57.5136], [0.0, 0.0, 0.0, 1.0]] , [2505.7800000000002, 2505.7800000000002, 2048.0, 1080.0]
'1fps_image_0029.jpg' , [-92.215197, 37.648858, 300.0] , [[0.0606285, -0.997769, 0.0279331, -56.4514], [-0.799222, -0.0652907, -0.597479, -20.182], [0.59797, 0.0138995, -0.801398, 55.5061], [0.0, 0.0, 0.0, 1.0]] , [2505.6599999999999, 2505.6599999999999, 2048.0, 1080.0]
'1fps_image_0030.jpg' , [-92.215197, 37.648858, 300.0] , [[0.0130123, -0.99938, 0.0327175, -59.2335], [-0.803283, -0.029933, -0.594845, -16.0259], [0.595455, -0.0185412, -0.803175, 53.4104], [0.0, 0.0, 0.0, 1.0]] , [2505.8600000000001, 2505.8600000000001, 2048.0, 1080.0]
'1fps_image_0031.jpg' , [-92.215197, 37.648858, 300.0] , [[-0.0615472, -0.997456, 0.0359586, -62.876], [-0.795692, 0.0272839, -0.605087, -10.4279], [0.602567, -0.0658534, -0.795347, 50.1505], [0.0, 0.0, 0.0, 1.0]] , [2510.6500000000001, 2510.6500000000001, 2048.0, 1080.0]
'1fps_image_0032.jpg' , [-92.215197, 37.648858, 300.0] , [[-0.0487721, -0.998281, 0.0324985, -62.6418], [-0.791787, 0.0188088, -0.610509, -8.78078], [0.608848, -0.0555077, -0.791343, 51.0874], [0.0, 0.0, 0.0, 1.0]] , [2512.2600000000002, 2512.2600000000002, 2048.0, 1080.0]
'1fps_image_0033.jpg' , [-92.215197, 37.648858, 300.0] , [[-0.0832533, -0.995956, 0.0337629, -64.3206], [-0.78352, 0.0444853, -0.619772, -5.3494], [0.615764, -0.0780519, -0.784056, 50.4361], [0.0, 0.0, 0.0, 1.0]] , [2508.6900000000001, 2508.6900000000001, 2048.0, 1080.0]
'1fps_image_0034.jpg' , [-92.215197, 37.648858, 300.0] , [[-0.0190656, -0.999427, 0.0279728, -61.946], [-0.784828, -0.00237317, -0.619709, -7.34924], [0.619421, -0.033769, -0.784333, 53.7655], [0.0, 0.0, 0.0, 1.0]] , [2509.3200000000002, 2509.3200000000002, 2048.0, 1080.0]
'1fps_image_0035.jpg' , [-92.215197, 37.648858, 300.0] , [[-0.0394854, -0.998942, 0.0236032, -62.6779], [-0.781932, 0.0161836, -0.623154, -5.36194], [0.622112, -0.0430616, -0.781744, 54.0529], [0.0, 0.0, 0.0, 1.0]] , [2508.9899999999998, 2508.9899999999998, 2048.0, 1080.0]
'1fps_image_0036.jpg' , [-92.215197, 37.648858, 300.0] , [[0.00332254, -0.999754, 0.0219426, -60.9216], [-0.784157, -0.0162215, -0.62035, -7.05692], [0.620553, -0.0151453, -0.784018, 56.6543], [0.0, 0.0, 0.0, 1.0]] , [2512.5599999999999, 2512.5599999999999, 2048.0, 1080.0]
'1fps_image_0037.jpg' , [-92.215197, 37.648858, 300.0] , [[0.0165591, -0.999495, 0.0271097, -60.4588], [-0.781308, -0.0298539, -0.623431, -6.98171], [0.623926, -0.0108575, -0.781408, 57.5901], [0.0, 0.0, 0.0, 1.0]] , [2511.5, 2511.5, 2048.0, 1080.0]
'1fps_image_0038.jpg' , [-92.215197, 37.648858, 300.0] , [[0.00470102, -0.999575, 0.0287679, -60.9503], [-0.784351, -0.0215309, -0.619944, -6.2758], [0.6203, -0.0196498, -0.784119, 57.859], [0.0, 0.0, 0.0, 1.0]] , [2510.54, 2510.54, 2048.0, 1080.0]
'1fps_image_0039.jpg' , [-92.215197, 37.648858, 300.0] , [[-0.0469739, -0.998491, 0.0284509, -62.9871], [-0.78188, 0.0190278, -0.623139, -2.95785], [0.621657, -0.0515164, -0.781593, 57.265], [0.0, 0.0, 0.0, 1.0]] , [2509.6500000000001, 2509.6500000000001, 2048.0, 1080.0]
'1fps_image_0040.jpg' , [-92.215197, 37.648858, 300.0] , [[-0.0422386, -0.998582, 0.0324065, -62.9755], [-0.787271, 0.0132946, -0.616464, -2.73308], [0.615159, -0.0515513, -0.786716, 58.68], [0.0, 0.0, 0.0, 1.0]] , [2509.9299999999998, 2509.9299999999998, 2048.0, 1080.0]
'1fps_image_0041.jpg' , [-92.215197, 37.648858, 300.0] , [[-0.0547517, -0.99793, 0.0337486, -63.3609], [-0.78642, 0.0222712, -0.617291, -0.98039], [0.615261, -0.0603383, -0.786011, 59.2708], [0.0, 0.0, 0.0, 1.0]] , [2510.21, 2510.21, 2048.0, 1080.0]
'1fps_image_0042.jpg' , [-92.215197, 37.648858, 300.0] , [[-0.0240917, -0.999329, 0.0275804, -61.9729], [-0.783564, 0.0017426, -0.621308, -1.06788], [0.620844, -0.0365794, -0.78308, 61.8054], [0.0, 0.0, 0.0, 1.0]] , [2512.4200000000001, 2512.4200000000001, 2048.0, 1080.0]
'1fps_image_0043.jpg' , [-92.215197, 37.648858, 300.0] , [[-0.0864489, -0.995732, 0.0323269, -64.5954], [-0.785151, 0.0481212, -0.617432, 2.28233], [0.613241, -0.0787579, -0.78596, 60.139], [0.0, 0.0, 0.0, 1.0]] , [2512.8899999999999, 2512.8899999999999, 2048.0, 1080.0]
'1fps_image_0044.jpg' , [-92.215197, 37.648858, 300.0] , [[-0.047671, -0.998466, 0.0281858, -62.9193], [-0.78156, 0.0197136, -0.623519, 1.81001], [0.622006, -0.0517527, -0.7813, 62.7378], [0.0, 0.0, 0.0, 1.0]] , [2510.8299999999999, 2510.8299999999999, 2048.0, 1080.0]
'1fps_image_0045.jpg' , [-92.215197, 37.648858, 300.0] , [[-0.0623243, -0.997696, 0.0268197, -63.6267], [-0.783998, 0.0323104, -0.619922, 2.93299], [0.617627, -0.0596628, -0.784205, 63.0591], [0.0, 0.0, 0.0, 1.0]] , [2511.1100000000001, 2511.1100000000001, 2048.0, 1080.0]
'1fps_image_0046.jpg' , [-92.215197, 37.648858, 300.0] , [[-0.0342675, -0.999141, 0.0233186, -62.1728], [-0.783332, 0.0123613, -0.621481, 2.49204], [0.620659, -0.0395628, -0.783082, 64.8622], [0.0, 0.0, 0.0, 1.0]] , [2511.9499999999998, 2511.9499999999998, 2048.0, 1080.0]
'1fps_image_0047.jpg' , [-92.215197, 37.648858, 300.0] , [[-0.0497762, -0.998571, 0.0194775, -62.7683], [-0.778997, 0.0266116, -0.626463, 4.2424], [0.625049, -0.0463558, -0.779208, 65.0329], [0.0, 0.0, 0.0, 1.0]] , [2511.8299999999999, 2511.8299999999999, 2048.0, 1080.0]
'1fps_image_0048.jpg' , [-92.215197, 37.648858, 300.0] , [[-0.0595534, -0.998058, 0.0182778, -63.2978], [-0.783626, 0.0354, -0.620223, 4.34913], [0.618372, -0.0512594, -0.784212, 65.0127], [0.0, 0.0, 0.0, 1.0]] , [2511.79, 2511.79, 2048.0, 1080.0]
'1fps_image_0049.jpg' , [-92.215197, 37.648858, 300.0] , [[-0.0459974, -0.998737, 0.0202097, -62.8728], [-0.781685, 0.0233897, -0.623235, 3.58787], [0.621975, -0.0444648, -0.781773, 65.2859], [0.0, 0.0, 0.0, 1.0]] , [2511.71, 2511.71, 2048.0, 1080.0]
'1fps_image_0050.jpg' , [-92.215197, 37.648858, 300.0] , [[-0.0401164, -0.99881, 0.0277267, -62.9031], [-0.786664, 0.0144621, -0.617212, 2.29582], [0.616077, -0.0465719, -0.786308, 64.9398], [0.0, 0.0, 0.0, 1.0]] , [2511.5900000000001, 2511.5900000000001, 2048.0, 1080.0]
'1fps_image_0051.jpg' , [-92.215197, 37.648858, 300.0] , [[-0.0554087, -0.998186, 0.0235558, -63.4177], [-0.784916, 0.0289645, -0.618925, 3.09499], [0.617119, -0.0527831, -0.785097, 64.49], [0.0, 0.0, 0.0, 1.0]] , [2511.3299999999999, 2511.3299999999999, 2048.0, 1080.0]
'1fps_image_0052.jpg' , [-92.215197, 37.648858, 300.0] , [[-0.0353023, -0.998844, 0.0326174, -62.7828], [-0.787386, 0.00769968, -0.616412, 1.90248], [0.615448, -0.0474432, -0.786748, 64.761], [0.0, 0.0, 0.0, 1.0]] , [2512.04, 2512.04, 2048.0, 1080.0]
'1fps_image_0053.jpg' , [-92.215197, 37.648858, 300.0] , [[-0.0337677, -0.998829, 0.0346366, -62.9902], [-0.789611, 0.00541722, -0.613584, 1.69948], [0.612678, -0.0480687, -0.78887, 65.1789], [0.0, 0.0, 0.0, 1.0]] , [2511.8600000000001, 2511.8600000000001, 2048.0, 1080.0]
'1fps_image_0054.jpg' , [-92.215197, 37.648858, 300.0] , [[-0.0660521, -0.997423, 0.0280274, -63.8667], [-0.787905, 0.0349013, -0.614808, 3.84082], [0.612245, -0.0626923, -0.788179, 64.5372], [0.0, 0.0, 0.0, 1.0]] , [2511.4699999999998, 2511.4699999999998, 2048.0, 1080.0]
'1fps_image_0055.jpg' , [-92.215197, 37.648858, 300.0] , [[-0.042397, -0.998632, 0.0306038, -62.9777], [-0.786014, 0.01443, -0.61804, 3.38323], [0.616753, -0.050258, -0.785551, 65.7239], [0.0, 0.0, 0.0, 1.0]] , [2511.8800000000001, 2511.8800000000001, 2048.0, 1080.0]
'1fps_image_0056.jpg' , [-92.215197, 37.648858, 300.0] , [[-0.0420384, -0.998669, 0.0299004, -63.2017], [-0.788709, 0.0147994, -0.614588, 3.54654], [0.613328, -0.049419, -0.788281, 66.6617], [0.0, 0.0, 0.0, 1.0]] , [2512.8099999999999, 2512.8099999999999, 2048.0, 1080.0]
'1fps_image_0057.jpg' , [-92.215197, 37.648858, 300.0] , [[-0.0779433, -0.996506, 0.0300006, -64.8909], [-0.787372, 0.0430713, -0.614971, 5.98394], [0.611531, -0.0715546, -0.787978, 66.1238], [0.0, 0.0, 0.0, 1.0]] , [2512.3200000000002, 2512.3200000000002, 2048.0, 1080.0]
'1fps_image_0058.jpg' , [-92.215197, 37.648858, 300.0] , [[-0.0699362, -0.996853, 0.037328, -65.1333], [-0.790783, 0.0325909, -0.611229, 5.35865], [0.608088, -0.0722653, -0.790573, 66.7806], [0.0, 0.0, 0.0, 1.0]] , [2512.1900000000001, 2512.1900000000001, 2048.0, 1080.0]
'1fps_image_0059.jpg' , [-92.215197, 37.648858, 300.0] , [[-0.0482185, -0.99833, 0.0318252, -63.9968], [-0.791191, 0.0187271, -0.611282, 5.08402], [0.609665, -0.0546549, -0.790772, 68.7594], [0.0, 0.0, 0.0, 1.0]] , [2513.3899999999999, 2513.3899999999999, 2048.0, 1080.0]
'1fps_image_0060.jpg' , [-92.215197, 37.648858, 300.0] , [[-0.0477838, -0.998235, 0.0352548, -64.0019], [-0.790496, 0.0162166, -0.612253, 5.84241], [0.610601, -0.0571245, -0.789875, 69.4838], [0.0, 0.0, 0.0, 1.0]] , [2513.3699999999999, 2513.3699999999999, 2048.0, 1080.0]
'1fps_image_0061.jpg' , [-92.215197, 37.648858, 300.0] , [[-0.057908, -0.997712, 0.0348953, -64.6577], [-0.792435, 0.0246776, -0.609457, 6.67663], [0.607201, -0.0629447, -0.792051, 70.0313], [0.0, 0.0, 0.0, 1.0]] , [2512.4200000000001, 2512.4200000000001, 2048.0, 1080.0]
'1fps_image_0062.jpg' , [-92.215197, 37.648858, 300.0] , [[-0.08851, -0.995518, 0.0333278, -65.8249], [-0.792441, 0.050104, -0.607888, 8.69208], [0.603493, -0.0802145, -0.793324, 69.7301], [0.0, 0.0, 0.0, 1.0]] , [2513.1399999999999, 2513.1399999999999, 2048.0, 1080.0]
'1fps_image_0063.jpg' , [-92.215197, 37.648858, 300.0] , [[-0.0835344, -0.996138, 0.0270429, -65.2102], [-0.788743, 0.0495085, -0.612726, 9.59347], [0.609021, -0.0725136, -0.789833, 70.6479], [0.0, 0.0, 0.0, 1.0]] , [2512.6399999999999, 2512.6399999999999, 2048.0, 1080.0]
'1fps_image_0064.jpg' , [-92.215197, 37.648858, 300.0] , [[-0.0933797, -0.995355, 0.0234288, -65.3224], [-0.78774, 0.0594703, -0.61313, 10.8528], [0.608889, -0.0757097, -0.789635, 70.8566], [0.0, 0.0, 0.0, 1.0]] , [2512.6100000000001, 2512.6100000000001, 2048.0, 1080.0]
'1fps_image_0065.jpg' , [-92.215197, 37.648858, 300.0] , [[-0.0777099, -0.996701, 0.0234128, -64.6414], [-0.788649, 0.0470882, -0.613038, 9.93252], [0.609913, -0.0661036, -0.789706, 71.4668], [0.0, 0.0, 0.0, 1.0]] , [2512.5799999999999, 2512.5799999999999, 2048.0, 1080.0]
'1fps_image_0066.jpg' , [-92.215197, 37.648858, 300.0] , [[-0.0920248, -0.995474, 0.0237263, -65.1695], [-0.787501, 0.0581753, -0.613562, 10.4694], [0.609405, -0.0751474, -0.78929, 70.6922], [0.0, 0.0, 0.0, 1.0]] , [2512.9699999999998, 2512.9699999999998, 2048.0, 1080.0]
'1fps_image_0067.jpg' , [-92.215197, 37.648858, 300.0] , [[-0.0778574, -0.99664, 0.0254383, -64.847], [-0.787656, 0.0458494, -0.614407, 9.40925], [0.611176, -0.0678727, -0.788579, 71.0584], [0.0, 0.0, 0.0, 1.0]] , [2512.54, 2512.54, 2048.0, 1080.0]
'1fps_image_0068.jpg' , [-92.215197, 37.648858, 300.0] , [[-0.0757306, -0.996693, 0.0294751, -64.8587], [-0.788491, 0.0417642, -0.613627, 8.9599], [0.610367, -0.0697112, -0.789046, 70.8256], [0.0, 0.0, 0.0, 1.0]] , [2513.0500000000002, 2513.0500000000002, 2048.0, 1080.0]
'1fps_image_0069.jpg' , [-92.215197, 37.648858, 300.0] , [[-0.10512, -0.994027, 0.0293388, -66.0785], [-0.788606, 0.0653505, -0.611416, 10.0779], [0.605846, -0.0874088, -0.790765, 69.8304], [0.0, 0.0, 0.0, 1.0]] , [2513.2600000000002, 2513.2600000000002, 2048.0, 1080.0]
'1fps_image_0070.jpg' , [-92.215197, 37.648858, 300.0] , [[-0.0547479, -0.998143, 0.026694, -63.8283], [-0.787003, 0.0266829, -0.616372, 8.40496], [0.614515, -0.0547533, -0.787003, 72.0024], [0.0, 0.0, 0.0, 1.0]] , [2512.48, 2512.48, 2048.0, 1080.0]
'1fps_image_0071.jpg' , [-92.215197, 37.648858, 300.0] , [[-0.0811239, -0.996592, 0.0149594, -64.1992], [-0.786895, 0.054828, -0.614647, 10.2762], [0.611732, -0.061634, -0.78866, 71.9832], [0.0, 0.0, 0.0, 1.0]] , [2513.3099999999999, 2513.3099999999999, 2048.0, 1080.0]
'1fps_image_0072.jpg' , [-92.215197, 37.648858, 300.0] , [[-0.120601, -0.992528, 0.0185231, -65.8061], [-0.785444, 0.0839943, -0.613206, 12.4832], [0.607069, -0.088502, -0.789705, 70.4965], [0.0, 0.0, 0.0, 1.0]] , [2512.9000000000001, 2512.9000000000001, 2048.0, 1080.0]
'1fps_image_0073.jpg' , [-92.215197, 37.648858, 300.0] , [[-0.109139, -0.993927, 0.0141003, -65.1895], [-0.783234, 0.0772521, -0.61691, 12.8324], [0.612074, -0.0783729, -0.786908, 71.5523], [0.0, 0.0, 0.0, 1.0]] , [2512.6399999999999, 2512.6399999999999, 2048.0, 1080.0]
'1fps_image_0074.jpg' , [-92.215197, 37.648858, 300.0] , [[-0.0949004, -0.995411, 0.0122725, -64.5216], [-0.783363, 0.0670656, -0.617936, 12.4261], [0.614278, -0.0682562, -0.786132, 72.378], [0.0, 0.0, 0.0, 1.0]] , [2512.79, 2512.79, 2048.0, 1080.0]
'1fps_image_0075.jpg' , [-92.215197, 37.648858, 300.0] , [[-0.103993, -0.994518, 0.0109452, -64.7422], [-0.779659, 0.0746834, -0.621735, 13.5651], [0.617509, -0.0731895, -0.783152, 72.2424], [0.0, 0.0, 0.0, 1.0]] , [2512.8400000000001, 2512.8400000000001, 2048.0, 1080.0]
'1fps_image_0076.jpg' , [-92.215197, 37.648858, 300.0] , [[-0.11795, -0.992862, 0.017659, -65.8327], [-0.783633, 0.0821416, -0.61577, 13.2464], [0.609924, -0.086468, -0.787728, 71.6508], [0.0, 0.0, 0.0, 1.0]] , [2512.7199999999998, 2512.7199999999998, 2048.0, 1080.0]
'1fps_image_0077.jpg' , [-92.215197, 37.648858, 300.0] , [[-0.128667, -0.991507, 0.0189196, -66.2949], [-0.784585, 0.0901098, -0.613438, 13.3655], [0.606524, -0.0937736, -0.789516, 71.2922], [0.0, 0.0, 0.0, 1.0]] , [2513.21, 2513.21, 2048.0, 1080.0]
'1fps_image_0078.jpg' , [-92.215197, 37.648858, 300.0] , [[-0.136101, -0.990478, 0.0207484, -66.8858], [-0.789111, 0.0957215, -0.606746, 13.5102], [0.598982, -0.0989516, -0.794625, 70.655], [0.0, 0.0, 0.0, 1.0]] , [2512.6399999999999, 2512.6399999999999, 2048.0, 1080.0]
'1fps_image_0079.jpg' , [-92.215197, 37.648858, 300.0] , [[-0.132549, -0.990867, 0.0247742, -66.4104], [-0.788235, 0.090223, -0.608724, 12.4359], [0.600929, -0.100214, -0.792995, 70.247], [0.0, 0.0, 0.0, 1.0]] , [2513.2800000000002, 2513.2800000000002, 2048.0, 1080.0]
'1fps_image_0080.jpg' , [-92.215197, 37.648858, 300.0] , [[-0.0907951, -0.995767, 0.0143287, -64.7414], [-0.78456, 0.0626604, -0.616879, 11.4455], [0.613369, -0.0672513, -0.786928, 72.3289], [0.0, 0.0, 0.0, 1.0]] , [2513.3499999999999, 2513.3499999999999, 2048.0, 1080.0]
'1fps_image_0081.jpg' , [-92.215197, 37.648858, 300.0] , [[-0.094955, -0.995365, 0.0152378, -64.8984], [-0.785296, 0.0654903, -0.615647, 11.6943], [0.611795, -0.0704249, -0.787875, 72.3064], [0.0, 0.0, 0.0, 1.0]] , [2512.6399999999999, 2512.6399999999999, 2048.0, 1080.0]
'1fps_image_0082.jpg' , [-92.215197, 37.648858, 300.0] , [[-0.0932928, -0.995548, 0.0134403, -64.765], [-0.776636, 0.0643184, -0.626658, 12.5799], [0.623003, -0.0689009, -0.779179, 72.6192], [0.0, 0.0, 0.0, 1.0]] , [2513.3699999999999, 2513.3699999999999, 2048.0, 1080.0]
'1fps_image_0083.jpg' , [-92.215197, 37.648858, 300.0] , [[-0.0435089, -0.998992, 0.0110395, -62.9625], [-0.801391, 0.0283004, -0.597471, 9.04002], [0.596556, -0.0348422, -0.801815, 73.9449], [0.0, 0.0, 0.0, 1.0]] , [2513.3099999999999, 2513.3099999999999, 2048.0, 1080.0]
'1fps_image_0084.jpg' , [-92.215197, 37.648858, 300.0] , [[-0.0266204, -0.999633, 0.00496345, -62.6559], [-0.803679, 0.0184489, -0.594777, 11.0916], [0.594468, -0.0198222, -0.803875, 73.4696], [0.0, 0.0, 0.0, 1.0]] , [2513.0999999999999, 2513.0999999999999, 2048.0, 1080.0]
'1fps_image_0085.jpg' , [-92.215197, 37.648858, 300.0] , [[-0.111063, -0.993622, 0.0195221, -65.7168], [-0.771568, 0.0738285, -0.631848, 18.5728], [0.626377, -0.0852375, -0.774846, 68.8152], [0.0, 0.0, 0.0, 1.0]] , [2507.4400000000001, 2507.4400000000001, 2048.0, 1080.0]
'1fps_image_0086.jpg' , [-92.215197, 37.648858, 300.0] , [[-0.126814, -0.991745, 0.0189826, -65.2621], [-0.787184, 0.0889763, -0.610266, 17.9894], [0.603539, -0.0923333, -0.791969, 68.7591], [0.0, 0.0, 0.0, 1.0]] , [2513.3800000000001, 2513.3800000000001, 2048.0, 1080.0]
'1fps_image_0087.jpg' , [-92.215197, 37.648858, 300.0] , [[-0.162772, -0.986383, 0.0235179, -65.1079], [-0.780623, 0.114166, -0.614486, 20.0614], [0.603434, -0.118379, -0.788577, 66.7469], [0.0, 0.0, 0.0, 1.0]] , [2512.6799999999998, 2512.6799999999998, 2048.0, 1080.0]
'1fps_image_0088.jpg' , [-92.215197, 37.648858, 300.0] , [[-0.198824, -0.979794, 0.021733, -64.3676], [-0.781674, 0.145167, -0.606558, 21.3583], [0.591147, -0.137587, -0.794742, 65.2364], [0.0, 0.0, 0.0, 1.0]] , [2513.3099999999999, 2513.3099999999999, 2048.0, 1080.0]
'1fps_image_0089.jpg' , [-92.215197, 37.648858, 300.0] , [[-0.179971, -0.9834, 0.0231467, -62.195], [-0.780552, 0.128449, -0.611751, 20.6468], [0.598622, -0.128165, -0.790712, 65.1068], [0.0, 0.0, 0.0, 1.0]] , [2513.1900000000001, 2513.1900000000001, 2048.0, 1080.0]
'1fps_image_0090.jpg' , [-92.215197, 37.648858, 300.0] , [[-0.21961, -0.975024, 0.033151, -61.8078], [-0.778389, 0.154633, -0.608439, 22.0556], [0.588117, -0.159423, -0.792908, 63.1301], [0.0, 0.0, 0.0, 1.0]] , [2513.2600000000002, 2513.2600000000002, 2048.0, 1080.0]
'1fps_image_0091.jpg' , [-92.215197, 37.648858, 300.0] , [[-0.237476, -0.970813, 0.0335753, -60.1811], [-0.776679, 0.169001, -0.606801, 22.9561], [0.583416, -0.170178, -0.794144, 62.6014], [0.0, 0.0, 0.0, 1.0]] , [2512.1300000000001, 2512.1300000000001, 2048.0, 1080.0]
'1fps_image_0092.jpg' , [-92.215197, 37.648858, 300.0] , [[-0.278385, -0.959729, 0.0377281, -59.2495], [-0.771811, 0.20015, -0.60353, 24.5599], [0.571674, -0.197132, -0.796447, 61.1319], [0.0, 0.0, 0.0, 1.0]] , [2513.0, 2513.0, 2048.0, 1080.0]
'1fps_image_0093.jpg' , [-92.215197, 37.648858, 300.0] , [[-0.293453, -0.9552, 0.0384422, -57.5717], [-0.769744, 0.212249, -0.602035, 25.2111], [0.566904, -0.206259, -0.797544, 60.5677], [0.0, 0.0, 0.0, 1.0]] , [2511.8400000000001, 2511.8400000000001, 2048.0, 1080.0]
'1fps_image_0094.jpg' , [-92.215197, 37.648858, 300.0] , [[-0.313546, -0.948685, 0.0410515, -55.7911], [-0.767997, 0.227929, -0.598522, 25.9635], [0.558452, -0.219192, -0.800054, 59.6906], [0.0, 0.0, 0.0, 1.0]] , [2511.98, 2511.98, 2048.0, 1080.0]
'1fps_image_0095.jpg' , [-92.215197, 37.648858, 300.0] , [[-0.359316, -0.932367, 0.0397908, -54.1168], [-0.753614, 0.264752, -0.601641, 28.3594], [0.550416, -0.246166, -0.797775, 58.155], [0.0, 0.0, 0.0, 1.0]] , [2511.3099999999999, 2511.3099999999999, 2048.0, 1080.0]
'1fps_image_0096.jpg' , [-92.215197, 37.648858, 300.0] , [[-0.361282, -0.931626, 0.0393521, -51.969], [-0.754924, 0.267465, -0.598792, 28.4058], [0.547325, -0.246041, -0.799937, 58.2337], [0.0, 0.0, 0.0, 1.0]] , [2511.6999999999998, 2511.6999999999998, 2048.0, 1080.0]
'1fps_image_0097.jpg' , [-92.215197, 37.648858, 300.0] , [[-0.393383, -0.918251, 0.0454418, -50.7029], [-0.748623, 0.291239, -0.595603, 29.3974], [0.533679, -0.268319, -0.801992, 57.0498], [0.0, 0.0, 0.0, 1.0]] , [2510.9000000000001, 2510.9000000000001, 2048.0, 1080.0]
'1fps_image_0098.jpg' , [-92.215197, 37.648858, 300.0] , [[-0.424947, -0.903998, 0.0469734, -49.1285], [-0.740388, 0.317245, -0.592606, 30.521], [0.520813, -0.286605, -0.804122, 56.0405], [0.0, 0.0, 0.0, 1.0]] , [2511.1100000000001, 2511.1100000000001, 2048.0, 1080.0]
'1fps_image_0099.jpg' , [-92.215197, 37.648858, 300.0] , [[-0.451925, -0.890336, 0.0553576, -47.857], [-0.736231, 0.337223, -0.586724, 31.1692], [0.503714, -0.305911, -0.807892, 54.9748], [0.0, 0.0, 0.0, 1.0]] , [2510.23, 2510.23, 2048.0, 1080.0]
'1fps_image_0100.jpg' , [-92.215197, 37.648858, 300.0] , [[-0.469647, -0.881198, 0.0540459, -45.6349], [-0.727496, 0.351594, -0.589179, 32.4753], [0.500182, -0.316025, -0.806193, 54.3029], [0.0, 0.0, 0.0, 1.0]] , [2510.4299999999998, 2510.4299999999998, 2048.0, 1080.0]
'1fps_image_0101.jpg' , [-92.215197, 37.648858, 300.0] , [[-0.523791, -0.849907, 0.0574631, -44.2505], [-0.705412, 0.394946, -0.588568, 34.5669], [0.477533, -0.348822, -0.806403, 52.5586], [0.0, 0.0, 0.0, 1.0]] , [2509.8000000000002, 2509.8000000000002, 2048.0, 1080.0]
'1fps_image_0102.jpg' , [-92.215197, 37.648858, 300.0] , [[-0.550748, -0.832706, 0.0572421, -42.3192], [-0.693604, 0.418439, -0.586364, 35.7038], [0.464316, -0.362642, -0.808023, 51.7444], [0.0, 0.0, 0.0, 1.0]] , [2510.0100000000002, 2510.0100000000002, 2048.0, 1080.0]
'1fps_image_0103.jpg' , [-92.215197, 37.648858, 300.0] , [[-0.580276, -0.812787, 0.0515433, -40.1609], [-0.673687, 0.443479, -0.591162, 37.4631], [0.45763, -0.377761, -0.804904, 50.8217], [0.0, 0.0, 0.0, 1.0]] , [2509.4200000000001, 2509.4200000000001, 2048.0, 1080.0]
'1fps_image_0104.jpg' , [-92.215197, 37.648858, 300.0] , [[-0.614775, -0.786787, 0.0549397, -38.5372], [-0.655802, 0.471243, -0.589791, 38.8024], [0.43815, -0.398618, -0.805685, 50.0315], [0.0, 0.0, 0.0, 1.0]] , [2509.6100000000001, 2509.6100000000001, 2048.0, 1080.0]
'1fps_image_0105.jpg' , [-92.215197, 37.648858, 300.0] , [[-0.606689, -0.793302, 0.0509977, -36.3767], [-0.657817, 0.464986, -0.592507, 39.1776], [0.446324, -0.393015, -0.80395, 50.1571], [0.0, 0.0, 0.0, 1.0]] , [2509.0700000000002, 2509.0700000000002, 2048.0, 1080.0]
'1fps_image_0106.jpg' , [-92.215197, 37.648858, 300.0] , [[-0.643045, -0.763792, 0.0558145, -34.7407], [-0.638916, 0.494871, -0.588973, 40.3321], [0.422232, -0.414397, -0.806223, 49.3276], [0.0, 0.0, 0.0, 1.0]] , [2509.25, 2509.25, 2048.0, 1080.0]
'1fps_image_0107.jpg' , [-92.215197, 37.648858, 300.0] , [[-0.689548, -0.722012, 0.0567651, -32.7127], [-0.6083, 0.534843, -0.586441, 42.2031], [0.393057, -0.43891, -0.808, 48.1351], [0.0, 0.0, 0.0, 1.0]] , [2508.7199999999998, 2508.7199999999998, 2048.0, 1080.0]
'1fps_image_0108.jpg' , [-92.215197, 37.648858, 300.0] , [[-0.703191, -0.708788, 0.0560464, -30.4618], [-0.596428, 0.545132, -0.589155, 43.2165], [0.387034, -0.447717, -0.806074, 47.6305], [0.0, 0.0, 0.0, 1.0]] , [2508.9000000000001, 2508.9000000000001, 2048.0, 1080.0]
'1fps_image_0109.jpg' , [-92.215197, 37.648858, 300.0] , [[-0.723776, -0.688308, 0.0487904, -27.7133], [-0.575973, 0.563685, -0.592043, 44.5693], [0.380005, -0.456608, -0.804428, 47.256], [0.0, 0.0, 0.0, 1.0]] , [2508.1199999999999, 2508.1199999999999, 2048.0, 1080.0]
'1fps_image_0110.jpg' , [-92.215197, 37.648858, 300.0] , [[-0.752677, -0.655603, 0.0605103, -26.3358], [-0.558302, 0.586842, -0.586444, 45.2564], [0.348964, -0.475186, -0.807727, 46.8318], [0.0, 0.0, 0.0, 1.0]] , [2508.4299999999998, 2508.4299999999998, 2048.0, 1080.0]
'1fps_image_0111.jpg' , [-92.215197, 37.648858, 300.0] , [[-0.768169, -0.637702, 0.0570322, -23.9953], [-0.542205, 0.60058, -0.587637, 46.1027], [0.340485, -0.482328, -0.807112, 46.6587], [0.0, 0.0, 0.0, 1.0]] , [2508.5599999999999, 2508.5599999999999, 2048.0, 1080.0]
'1fps_image_0112.jpg' , [-92.215197, 37.648858, 300.0] , [[-0.7816, -0.621473, 0.0535958, -21.6834], [-0.527932, 0.61329, -0.587506, 46.8949], [0.33225, -0.48749, -0.807443, 46.4325], [0.0, 0.0, 0.0, 1.0]] , [2508.21, 2508.21, 2048.0, 1080.0]
'1fps_image_0113.jpg' , [-92.215197, 37.648858, 300.0] , [[-0.799614, -0.59819, 0.0527822, -19.4918], [-0.509572, 0.629388, -0.586692, 47.7562], [0.317733, -0.496023, -0.808089, 46.1484], [0.0, 0.0, 0.0, 1.0]] , [2508.3200000000002, 2508.3200000000002, 2048.0, 1080.0]
'1fps_image_0114.jpg' , [-92.215197, 37.648858, 300.0] , [[-0.819916, -0.569606, 0.0573326, -17.5805], [-0.489515, 0.645635, -0.586115, 48.4556], [0.296838, -0.50863, -0.808197, 45.8035], [0.0, 0.0, 0.0, 1.0]] , [2507.8000000000002, 2507.8000000000002, 2048.0, 1080.0]
'1fps_image_0115.jpg' , [-92.215197, 37.648858, 300.0] , [[-0.846139, -0.530104, 0.055126, -15.0181], [-0.457181, 0.668773, -0.586283, 49.2767], [0.273924, -0.52128, -0.808228, 45.4488], [0.0, 0.0, 0.0, 1.0]] , [2508.02, 2508.02, 2048.0, 1080.0]
'1fps_image_0116.jpg' , [-92.215197, 37.648858, 300.0] , [[-0.858002, -0.510308, 0.0584766, -13.065], [-0.444061, 0.679723, -0.583769, 49.6277], [0.258154, -0.526842, -0.809811, 45.2886], [0.0, 0.0, 0.0, 1.0]] , [2507.9099999999999, 2507.9099999999999, 2048.0, 1080.0]
'1fps_image_0117.jpg' , [-92.215197, 37.648858, 300.0] , [[-0.857315, -0.512204, 0.0515609, -10.7946], [-0.441585, 0.68022, -0.585067, 50.1795], [0.264601, -0.524355, -0.809344, 45.0916], [0.0, 0.0, 0.0, 1.0]] , [2507.5799999999999, 2507.5799999999999, 2048.0, 1080.0]
'1fps_image_0118.jpg' , [-92.215197, 37.648858, 300.0] , [[-0.877914, -0.475882, 0.052954, -8.65081], [-0.41313, 0.696919, -0.586198, 50.9454], [0.242056, -0.536508, -0.808435, 44.8243], [0.0, 0.0, 0.0, 1.0]] , [2507.6999999999998, 2507.6999999999998, 2048.0, 1080.0]
'1fps_image_0119.jpg' , [-92.215197, 37.648858, 300.0] , [[-0.905187, -0.420976, 0.0584485, -6.33045], [-0.372292, 0.719027, -0.586855, 51.4311], [0.205026, -0.552973, -0.80758, 44.5898], [0.0, 0.0, 0.0, 1.0]] , [2506.9200000000001, 2506.9200000000001, 2048.0, 1080.0]
'1fps_image_0120.jpg' , [-92.215197, 37.648858, 300.0] , [[-0.917148, -0.394055, 0.0596703, -4.14093], [-0.352, 0.730684, -0.584975, 51.6178], [0.186913, -0.557513, -0.808853, 44.6416], [0.0, 0.0, 0.0, 1.0]] , [2507.0900000000001, 2507.0900000000001, 2048.0, 1080.0]
'1fps_image_0121.jpg' , [-92.215197, 37.648858, 300.0] , [[-0.941728, -0.33031, 0.0636009, -1.35855], [-0.303792, 0.753978, -0.582433, 51.8369], [0.14443, -0.567815, -0.810387, 44.9312], [0.0, 0.0, 0.0, 1.0]] , [2507.2600000000002, 2507.2600000000002, 2048.0, 1080.0]
'1fps_image_0122.jpg' , [-92.215197, 37.648858, 300.0] , [[-0.941897, -0.330325, 0.0609581, 0.788784], [-0.303228, 0.758083, -0.577376, 52.0301], [0.14451, -0.562313, -0.8142, 44.99], [0.0, 0.0, 0.0, 1.0]] , [2506.3699999999999, 2506.3699999999999, 2048.0, 1080.0]
'1fps_image_0123.jpg' , [-92.215197, 37.648858, 300.0] , [[-0.955205, -0.290047, 0.0587884, 3.52936], [-0.268478, 0.765705, -0.584479, 52.6356], [0.124512, -0.57408, -0.809276, 44.5415], [0.0, 0.0, 0.0, 1.0]] , [2506.5500000000002, 2506.5500000000002, 2048.0, 1080.0]
'1fps_image_0124.jpg' , [-92.215197, 37.648858, 300.0] , [[-0.963143, -0.261897, 0.0613633, 5.69181], [-0.247951, 0.775959, -0.580007, 52.5828], [0.104287, -0.573845, -0.812297, 44.8168], [0.0, 0.0, 0.0, 1.0]] , [2506.7399999999998, 2506.7399999999998, 2048.0, 1080.0]
'1fps_image_0125.jpg' , [-92.215197, 37.648858, 300.0] , [[-0.972113, -0.225165, 0.0655622, 7.95934], [-0.220892, 0.785232, -0.578462, 52.7239], [0.0787677, -0.576812, -0.81307, 45.0036], [0.0, 0.0, 0.0, 1.0]] , [2505.75, 2505.75, 2048.0, 1080.0]
'1fps_image_0126.jpg' , [-92.215197, 37.648858, 300.0] , [[-0.984807, -0.160698, 0.0658117, 10.9973], [-0.16865, 0.794788, -0.582983, 52.5861], [0.0413777, -0.585225, -0.809814, 45.2596], [0.0, 0.0, 0.0, 1.0]] , [2505.9699999999998, 2505.9699999999998, 2048.0, 1080.0]
'1fps_image_0127.jpg' , [-92.215197, 37.648858, 300.0] , [[-0.987587, -0.143183, 0.0645823, 13.3055], [-0.153779, 0.79759, -0.583269, 52.7274], [0.0320039, -0.58596, -0.809708, 45.335], [0.0, 0.0, 0.0, 1.0]] , [2506.0799999999999, 2506.0799999999999, 2048.0, 1080.0]
'1fps_image_0128.jpg' , [-92.215197, 37.648858, 300.0] , [[-0.991838, -0.111209, 0.0623757, 15.9047], [-0.126681, 0.803852, -0.581183, 52.5472], [0.014492, -0.584341, -0.811379, 45.6074], [0.0, 0.0, 0.0, 1.0]] , [2506.21, 2506.21, 2048.0, 1080.0]
'1fps_image_0129.jpg' , [-92.215197, 37.648858, 300.0] , [[-0.993435, -0.0956011, 0.062824, 18.1607], [-0.11429, 0.805863, -0.580967, 52.8826], [0.0049135, -0.584333, -0.811499, 45.3149], [0.0, 0.0, 0.0, 1.0]] , [2503.0300000000002, 2503.0300000000002, 2048.0, 1080.0]
'1fps_image_0130.jpg' , [-92.215197, 37.648858, 300.0] , [[-0.997286, -0.0305186, 0.0670044, 20.7694], [-0.0638992, 0.810856, -0.581748, 52.2242], [-0.0365768, -0.58445, -0.810605, 46.0261], [0.0, 0.0, 0.0, 1.0]] , [2503.3499999999999, 2503.3499999999999, 2048.0, 1080.0]
'1fps_image_0131.jpg' , [-92.215197, 37.648858, 300.0] , [[-0.998044, -0.00303667, 0.0624458, 23.4782], [-0.0391207, 0.809449, -0.585886, 52.0059], [-0.0487676, -0.587182, -0.807984, 45.7649], [0.0, 0.0, 0.0, 1.0]] , [2503.25, 2503.25, 2048.0, 1080.0]
'1fps_image_0132.jpg' , [-92.215197, 37.648858, 300.0] , [[-0.997933, 0.0172833, 0.0619019, 25.7934], [-0.0223719, 0.80951, -0.58668, 51.9265], [-0.0602499, -0.586852, -0.80745, 45.5506], [0.0, 0.0, 0.0, 1.0]] , [2503.1199999999999, 2503.1199999999999, 2048.0, 1080.0]
'1fps_image_0133.jpg' , [-92.215197, 37.648858, 300.0] , [[-0.996775, 0.0527496, 0.060466, 28.1023], [0.00709149, 0.808515, -0.588433, 51.7228], [-0.0799273, -0.586107, -0.806282, 45.6328], [0.0, 0.0, 0.0, 1.0]] , [2503.1700000000001, 2503.1700000000001, 2048.0, 1080.0]
'1fps_image_0134.jpg' , [-92.215197, 37.648858, 300.0] , [[-0.998366, -0.0213056, 0.0530228, 28.8404], [-0.0483955, 0.808638, -0.586312, 54.1502], [-0.0303846, -0.58792, -0.808348, 43.6202], [0.0, 0.0, 0.0, 1.0]] , [2504.0900000000001, 2504.0900000000001, 2048.0, 1080.0]
'1fps_image_0135.jpg' , [-92.215197, 37.648858, 300.0] , [[-0.994948, 0.0761753, 0.0653925, 31.2207], [0.0243517, 0.815028, -0.578909, 52.939], [-0.0973953, -0.574392, -0.812766, 46.2124], [0.0, 0.0, 0.0, 1.0]] , [2503.9200000000001, 2503.9200000000001, 2048.0, 1080.0]
'1fps_image_0136.jpg' , [-92.215197, 37.648858, 300.0] , [[-0.985371, 0.152891, 0.075289, 33.642], [0.0809452, 0.808635, -0.582715, 51.8877], [-0.149973, -0.568096, -0.809181, 48.2233], [0.0, 0.0, 0.0, 1.0]] , [2503.77, 2503.77, 2048.0, 1080.0]
'1fps_image_0137.jpg' , [-92.215197, 37.648858, 300.0] , [[-0.971106, 0.225265, 0.0787968, 36.5631], [0.13846, 0.800746, -0.582781, 49.8735], [-0.194377, -0.555032, -0.8088, 50.4158], [0.0, 0.0, 0.0, 1.0]] , [2503.48, 2503.48, 2048.0, 1080.0]
'1fps_image_0138.jpg' , [-92.215197, 37.648858, 300.0] , [[-0.945686, 0.315389, 0.0787958, 39.1306], [0.211701, 0.781431, -0.586982, 46.5838], [-0.246701, -0.538419, -0.805757, 52.6835], [0.0, 0.0, 0.0, 1.0]] , [2503.6100000000001, 2503.6100000000001, 2048.0, 1080.0]
'1fps_image_0139.jpg' , [-92.215197, 37.648858, 300.0] , [[-0.946991, 0.311751, 0.0775903, 41.172], [0.210429, 0.78442, -0.583443, 46.42], [-0.242752, -0.536188, -0.808439, 52.6453], [0.0, 0.0, 0.0, 1.0]] , [2504.4400000000001, 2504.4400000000001, 2048.0, 1080.0]
'1fps_image_0140.jpg' , [-92.215197, 37.648858, 300.0] , [[-0.94464, 0.319735, 0.0736548, 43.3853], [0.219512, 0.782699, -0.582406, 46.5732], [-0.243865, -0.533996, -0.809554, 52.329], [0.0, 0.0, 0.0, 1.0]] , [2504.5999999999999, 2504.5999999999999, 2048.0, 1080.0]
'1fps_image_0141.jpg' , [-92.215197, 37.648858, 300.0] , [[-0.923841, 0.375501, 0.0742778, 45.6179], [0.266039, 0.769406, -0.580721, 44.9964], [-0.275211, -0.516733, -0.810707, 53.8649], [0.0, 0.0, 0.0, 1.0]] , [2504.5599999999999, 2504.5599999999999, 2048.0, 1080.0]
'1fps_image_0142.jpg' , [-92.215197, 37.648858, 300.0] , [[-0.914632, 0.398088, 0.0705266, 48.0527], [0.28457, 0.757833, -0.587119, 44.8986], [-0.287172, -0.516929, -0.806422, 53.8833], [0.0, 0.0, 0.0, 1.0]] , [2504.5300000000002, 2504.5300000000002, 2048.0, 1080.0]
'1fps_image_0143.jpg' , [-92.215197, 37.648858, 300.0] , [[-0.895666, 0.439683, 0.0667968, 50.4045], [0.318435, 0.73889, -0.593835, 43.6707], [-0.310455, -0.510608, -0.801809, 54.8297], [0.0, 0.0, 0.0, 1.0]] , [2504.48, 2504.48, 2048.0, 1080.0]
'1fps_image_0144.jpg' , [-92.215197, 37.648858, 300.0] , [[-0.866192, 0.495023, 0.068287, 52.162], [0.365451, 0.720727, -0.589066, 40.9058], [-0.340817, -0.485288, -0.805195, 57.2027], [0.0, 0.0, 0.0, 1.0]] , [2504.5100000000002, 2504.5100000000002, 2048.0, 1080.0]
'1fps_image_0145.jpg' , [-92.215197, 37.648858, 300.0] , [[-0.822131, 0.564772, 0.0716491, 53.3268], [0.422928, 0.690148, -0.58722, 37.405], [-0.381094, -0.452469, -0.80625, 60.3326], [0.0, 0.0, 0.0, 1.0]] , [2507.1599999999999, 2507.1599999999999, 2048.0, 1080.0]
'1fps_image_0146.jpg' , [-92.215197, 37.648858, 300.0] , [[-0.804247, 0.590083, 0.0706259, 55.0174], [0.446515, 0.678402, -0.583434, 35.7613], [-0.392188, -0.43769, -0.809084, 61.2819], [0.0, 0.0, 0.0, 1.0]] , [2507.3000000000002, 2507.3000000000002, 2048.0, 1080.0]
'1fps_image_0147.jpg' , [-92.215197, 37.648858, 300.0] , [[-0.726205, 0.683442, 0.0743864, 55.101], [0.52435, 0.620614, -0.583005, 30.1045], [-0.444616, -0.384377, -0.809056, 65.2421], [0.0, 0.0, 0.0, 1.0]] , [2509.1999999999998, 2509.1999999999998, 2048.0, 1080.0]
'1fps_image_0148.jpg' , [-92.215197, 37.648858, 300.0] , [[-0.698021, 0.711894, 0.0772917, 56.5376], [0.549046, 0.601365, -0.580439, 27.9965], [-0.459692, -0.362722, -0.810628, 66.471], [0.0, 0.0, 0.0, 1.0]] , [2509.1900000000001, 2509.1900000000001, 2048.0, 1080.0]
'1fps_image_0149.jpg' , [-92.215197, 37.648858, 300.0] , [[-0.685135, 0.723855, 0.0813835, 58.2896], [0.558756, 0.593944, -0.578811, 27.4645], [-0.467313, -0.351091, -0.81139, 67.0328], [0.0, 0.0, 0.0, 1.0]] , [2509.1700000000001, 2509.1700000000001, 2048.0, 1080.0]
'1fps_image_0150.jpg' , [-92.215197, 37.648858, 300.0] , [[-0.674309, 0.734662, 0.0746955, 60.1926], [0.570031, 0.582152, -0.579796, 27.1835], [-0.469439, -0.348383, -0.81133, 66.7607], [0.0, 0.0, 0.0, 1.0]] , [2508.9099999999999, 2508.9099999999999, 2048.0, 1080.0]
